clear-cut-blast/dem/topaz/TASPEC.ARC
ncols   306
nrows   300
xllcorner  550602
yllcorner 5219355
cellsize   30.00
nodata_value    -1.0
[rows 129 to 171 of 300, columns 96 to 191 of 306]
111 107 96 69 358 350 11 28 26 9 358 8 30 48 41 0 315 289 281 284 287 290 294 299 306 316 325 335 348 357 354 352 348 341 334 343 40 78 88 89 87 84 76 63 47 34 29 30 29 25 16 9 5 2 0 0 3 12 59 96 115 124 131 132 129 123 114 106 103 100 91 53 351 334 334 333 331 336 336 327 323 326 329 327 316 310 314 326 344 1 5 3 17 83 112 120
113 104 84 33 341 346 12 28 23 7 3 16 39 53 43 6 341 310 283 276 278 281 285 289 294 304 314 325 343 353 352 352 353 350 345 6 69 84 85 81 75 69 59 45 36 33 36 40 35 26 17 9 4 3 5 18 47 95 118 123 128 132 138 140 138 135 126 116 110 101 71 2 337 334 337 337 334 336 337 327 320 323 329 329 322 317 319 330 347 2 11 30 72 105 118 125
104 84 54 11 332 340 8 20 15 7 8 22 43 54 39 1 354 344 297 274 271 272 275 279 284 292 301 312 329 340 346 353 0 5 15 68 89 87 80 72 63 56 48 38 34 37 42 46 40 29 23 19 15 19 49 95 116 129 132 130 130 132 138 142 143 143 136 124 112 89 11 338 333 335 339 341 337 337 338 329 322 322 326 327 324 321 324 334 351 10 33 71 96 109 117 123
73 39 27 9 333 332 359 11 10 7 11 25 45 53 33 355 355 3 342 290 269 265 267 272 276 280 288 296 306 319 336 356 19 46 80 104 104 96 85 73 65 58 52 45 41 45 51 53 48 40 46 63 93 128 135 133 133 135 135 134 134 135 139 140 142 144 140 126 96 20 338 331 333 337 340 342 341 341 340 333 325 323 324 324 323 323 327 338 3 38 81 102 110 116 120 122
33 20 23 11 336 326 346 2 6 10 18 32 48 51 26 350 352 4 5 335 280 263 262 267 269 271 274 280 287 296 319 4 54 82 100 113 117 112 102 91 84 81 78 75 69 70 73 73 73 81 100 117 135 143 143 140 136 135 136 138 140 140 140 137 133 131 125 94 19 339 329 329 333 337 340 342 343 343 341 333 326 324 324 324 324 326 332 348 29 75 101 112 117 121 123 123
21 23 26 13 338 325 337 352 2 13 27 44 56 54 20 342 346 359 12 12 329 281 269 267 268 269 268 271 275 283 306 7 61 84 98 110 119 124 124 121 116 118 122 121 119 111 104 102 107 118 128 136 143 144 144 143 138 135 135 139 141 140 135 127 100 65 35 14 344 325 322 326 332 336 340 343 345 347 343 333 326 325 325 324 326 330 340 8 60 88 100 105 108 111 111 111
23 25 24 10 340 325 331 345 0 18 37 50 59 51 8 338 343 355 13 21 356 321 301 278 270 268 268 270 273 280 300 4 65 82 93 103 115 129 140 143 141 142 147 150 149 142 132 124 124 128 133 139 143 142 143 145 142 136 131 131 127 110 89 45 22 16 10 4 338 317 316 322 328 333 339 344 348 350 347 334 325 324 324 322 323 329 350 54 88 97 99 97 94 90 88 86
24 23 18 6 343 327 328 340 0 26 46 56 57 42 356 334 339 354 16 25 358 336 329 297 276 268 268 271 275 281 293 9 77 86 91 98 110 128 144 150 150 151 157 163 163 158 149 140 134 132 134 138 139 139 140 144 142 127 103 70 40 33 18 3 1 4 7 5 338 315 312 316 322 328 336 343 348 351 349 335 323 321 322 316 309 307 114 117 114 112 109 105 98 88 81 76
21 18 11 1 346 333 329 338 4 39 55 59 55 31 348 334 340 354 16 21 355 338 343 320 288 275 271 274 278 282 291 39 87 90 91 92 98 108 122 132 140 145 155 167 169 164 156 148 141 136 134 136 134 128 119 104 71 43 27 15 14 15 7 359 359 1 6 7 340 313 308 311 315 321 331 341 347 352 350 336 321 316 313 294 247 175 148 138 132 128 125 123 120 105 90 81
17 13 4 357 349 340 334 341 11 48 59 55 44 19 348 336 340 354 14 16 354 345 352 341 308 288 281 280 281 284 293 67 90 92 91 88 87 85 85 90 101 112 128 152 165 166 158 150 144 137 133 129 110 76 40 22 12 9 9 9 12 12 6 0 0 1 4 8 346 316 306 306 310 316 327 339 348 353 351 337 319 305 262 194 176 162 153 146 142 139 135 136 139 134 115 97
15 9 1 355 351 345 341 349 17 46 51 42 29 12 351 339 340 352 11 13 356 351 358 351 328 308 296 289 287 290 306 66 88 92 92 89 86 83 78 79 82 86 93 112 141 154 149 146 138 121 105 64 30 15 8 8 7 6 8 12 15 15 8 1 0 1 2 6 354 326 308 304 308 314 325 339 350 355 354 343 324 195 161 164 164 159 155 151 148 145 141 142 149 159 151 119
13 6 358 354 352 349 348 358 21 40 40 29 18 9 356 344 343 351 6 9 1 1 2 355 341 323 309 300 296 296 323 72 88 91 90 89 87 85 81 83 86 88 87 83 81 87 93 86 65 47 25 7 3 2 3 6 7 7 11 17 18 15 8 2 1 0 0 2 358 339 315 305 305 310 320 336 351 0 8 23 132 145 150 158 159 156 153 153 153 150 148 148 155 173 177 149
10 4 357 354 353 352 354 3 20 32 31 23 16 9 359 349 345 349 2 6 3 4 2 357 352 341 325 312 305 300 348 87 91 89 86 86 86 84 80 81 79 72 60 51 43 37 34 25 18 15 6 359 358 0 4 9 9 9 13 18 17 12 7 4 3 0 357 357 358 348 325 307 301 304 314 331 0 50 113 137 145 144 145 152 154 149 148 151 155 155 153 151 160 185 194 175
8 3 357 354 353 354 356 5 17 24 24 20 15 9 0 352 349 351 357 0 2 3 1 359 356 349 336 323 315 311 56 91 90 85 81 79 78 76 72 70 63 48 36 32 31 29 27 21 13 6 359 356 358 2 7 11 12 11 12 14 12 8 7 8 6 359 354 355 356 354 338 315 302 301 308 99 142 154 153 151 149 144 142 148 148 142 139 141 151 156 154 152 166 196 203 189
7 3 358 354 353 354 357 5 15 22 22 18 13 7 0 356 354 354 356 356 357 359 0 0 357 352 344 334 328 347 71 87 84 79 74 71 68 65 61 57 49 37 29 28 27 24 24 21 13 1 354 354 358 4 10 13 12 10 10 11 9 7 9 11 7 358 352 353 357 357 348 330 313 306 255 134 145 157 158 154 150 144 143 148 147 140 131 129 140 151 153 152 171 200 202 194
5 4 0 355 353 354 358 5 14 20 21 17 12 6 359 356 356 355 355 355 355 358 1 2 0 355 349 342 345 24 67 77 75 71 67 64 62 59 54 49 43 34 29 27 25 22 20 17 11 2 354 353 359 4 9 12 12 11 10 9 8 8 10 11 6 356 351 354 359 359 355 346 332 320 134 133 141 152 158 156 151 146 146 151 151 145 134 125 127 139 150 152 172 198 200 194
4 4 1 357 356 356 359 6 12 17 17 15 10 4 358 355 355 355 355 354 355 358 2 5 3 0 355 352 3 43 64 67 66 64 61 59 56 54 49 44 39 35 31 27 23 20 20 16 10 3 356 356 0 3 7 11 12 13 12 10 9 9 10 11 6 357 352 356 3 5 9 15 87 142 137 134 137 145 156 159 153 147 147 153 156 151 139 123 113 118 134 147 167 195 200 193
2 2 1 358 357 358 1 6 10 13 13 11 7 2 358 355 354 354 354 354 355 0 6 12 14 12 11 14 32 56 64 64 62 61 58 56 52 48 43 39 35 33 31 27 22 19 16 11 8 4 359 359 2 3 5 10 12 12 12 11 11 11 11 12 12 8 2 6 32 67 106 131 142 140 135 132 130 136 151 158 154 147 145 151 158 156 147 129 110 102 108 126 157 191 199 192
359 359 0 0 0 0 2 5 6 8 10 9 5 2 359 357 355 354 354 353 355 5 19 32 43 54 68 80 78 67 65 63 61 60 57 54 50 45 41 37 33 30 28 25 22 17 12 7 3 0 358 0 3 5 8 11 9 10 16 17 16 19 22 26 42 67 120 153 155 153 150 146 140 133 129 126 121 124 136 150 153 145 139 143 152 160 158 146 128 106 95 99 126 173 192 189
351 353 0 6 6 4 3 2 0 1 5 7 6 3 2 0 357 355 354 353 358 21 54 80 103 122 138 153 163 148 96 74 63 58 55 52 50 46 42 37 31 27 25 23 20 14 10 6 0 355 355 358 4 11 16 20 20 26 51 65 75 85 96 111 119 130 148 162 166 164 160 153 140 128 125 123 117 113 118 133 146 145 136 132 138 154 165 160 149 128 102 90 97 136 175 184
316 329 0 31 42 35 10 347 337 339 353 4 4 2 3 3 0 358 357 0 14 68 98 116 131 143 156 170 180 182 168 130 86 67 61 58 56 53 48 41 31 25 24 23 19 13 10 6 0 354 353 357 10 25 39 55 84 120 131 140 151 152 154 152 142 139 147 161 169 170 168 161 147 131 123 119 114 109 108 116 132 144 146 134 126 138 159 167 163 151 129 102 90 95 132 165
204 200 179 162 161 171 180 190 204 223 243 306 345 351 359 4 3 4 8 23 70 104 115 126 136 147 161 175 185 189 186 175 155 117 96 88 85 83 76 62 39 21 13 16 20 16 13 9 3 357 355 9 52 82 99 113 127 137 141 148 155 159 163 160 150 141 142 157 173 179 178 173 160 140 123 109 98 92 91 95 110 131 151 152 131 126 142 162 171 168 158 132 98 80 72 91
193 190 181 173 173 176 181 187 196 205 212 218 240 290 335 3 10 23 53 95 115 117 120 128 134 144 161 180 191 194 193 187 178 160 142 133 129 132 135 138 141 350 339 2 21 23 19 18 23 31 92 133 134 133 132 131 131 136 140 145 152 159 165 164 156 146 140 151 173 183 185 182 175 162 144 118 95 89 91 95 101 116 141 160 150 131 129 146 168 176 178 171 129 85 66 62
192 189 183 178 177 178 181 187 196 205 213 219 227 241 248 166 119 127 132 135 130 123 122 126 130 140 160 183 195 198 196 190 182 170 158 151 150 153 160 170 180 197 222 241 48 51 52 74 103 131 146 147 146 145 140 132 126 127 133 140 147 157 167 169 161 149 137 141 165 184 188 187 184 180 171 157 129 111 105 103 102 105 124 154 164 151 134 137 158 177 185 194 186 123 88 78
192 190 185 181 179 179 180 187 199 210 218 225 232 235 218 174 158 151 147 144 135 125 122 123 126 136 157 180 193 196 195 190 183 173 163 157 156 159 166 175 185 196 205 206 185 154 147 148 147 149 151 151 150 149 145 133 122 120 125 133 142 154 166 173 169 156 137 131 149 176 188 190 190 190 187 177 156 127 110 104 102 101 109 133 160 162 148 139 150 175 191 208 207 174 133 106
195 191 186 181 179 178 180 189 204 216 223 230 237 234 205 167 158 154 152 147 135 125 121 120 122 131 149 172 187 193 193 189 184 176 167 160 159 162 167 176 187 197 202 200 187 168 160 158 156 155 153 152 152 155 154 142 128 120 120 126 137 150 164 176 177 168 148 127 130 158 184 192 193 193 192 187 175 150 125 111 104 100 99 112 139 160 158 144 148 171 197 219 217 184 159 142
197 191 185 180 178 178 183 195 212 222 227 232 236 227 191 160 155 155 156 152 138 126 121 118 118 125 139 161 181 191 192 188 184 179 170 164 162 162 166 176 190 199 201 196 183 168 161 160 159 156 153 151 152 159 162 152 137 125 118 118 127 143 159 174 181 179 168 138 120 133 172 193 196 197 197 194 186 166 141 122 109 102 100 104 120 147 160 150 146 165 205 224 213 181 167 166
197 190 182 177 176 180 189 205 221 227 229 232 232 218 180 158 156 158 162 158 144 129 120 116 116 122 132 150 172 188 191 186 183 181 172 166 165 163 165 177 191 199 199 192 180 168 161 160 158 157 154 151 152 159 165 158 145 132 120 113 117 131 151 168 180 186 183 159 123 119 148 188 198 199 201 200 193 176 154 135 119 112 108 106 110 129 155 161 148 161 213 223 197 173 168 175
196 187 179 174 175 185 201 218 231 233 231 231 227 209 175 159 157 161 166 163 147 130 119 113 115 120 129 141 163 184 188 185 185 184 175 167 166 165 165 177 195 202 201 193 180 166 158 157 158 159 156 152 151 157 166 164 154 141 126 113 110 119 139 159 177 189 192 179 138 116 126 169 196 200 201 200 193 182 166 149 134 125 120 113 110 116 138 161 155 163 209 211 184 169 169 179
192 183 178 173 175 194 214 225 233 235 231 228 221 202 174 160 157 161 168 164 146 128 117 111 111 116 121 130 150 176 186 185 188 188 177 166 166 165 165 180 203 211 207 197 180 164 156 156 159 161 157 151 148 153 162 166 160 148 133 119 111 113 125 146 172 190 195 189 159 124 115 139 186 199 199 198 193 184 172 159 144 134 128 122 117 112 121 144 153 167 199 200 178 167 170 181
188 181 178 173 179 204 221 227 232 233 226 221 215 199 176 160 155 160 169 167 152 133 118 109 105 107 108 111 126 157 179 186 193 193 179 166 164 164 166 187 213 217 210 197 179 163 153 155 162 165 160 151 145 146 156 165 162 152 142 131 119 110 109 123 156 186 196 195 179 145 116 119 162 196 199 198 194 185 174 161 147 137 133 128 124 121 121 130 142 164 190 190 178 171 172 180
181 180 179 174 187 216 229 231 232 229 221 216 213 202 180 160 154 159 169 171 162 145 126 110 102 99 96 95 99 120 158 182 196 197 183 169 163 161 167 197 217 216 208 194 176 160 151 154 164 171 165 152 142 141 151 162 162 155 148 139 127 111 101 104 129 171 191 196 191 173 131 113 133 182 198 199 195 186 174 159 146 139 135 131 127 126 125 126 132 155 183 185 177 170 171 177
173 177 177 176 202 231 238 234 229 224 219 216 216 210 183 157 151 157 168 174 170 158 142 121 107 98 93 91 90 93 114 160 192 199 189 174 164 157 168 203 217 212 204 191 174 159 152 155 166 177 173 153 137 135 143 153 157 154 151 146 137 119 104 99 106 138 178 193 196 190 159 118 115 151 188 199 197 187 173 156 145 140 136 131 127 125 125 123 121 123 126 149 156 151 147 155
163 171 176 186 225 245 239 224 219 221 222 223 223 215 180 152 148 154 165 174 174 167 158 140 123 108 99 95 91 88 91 114 170 195 193 182 169 157 168 205 217 210 201 188 172 159 154 157 169 184 184 157 130 123 127 136 143 149 154 155 149 132 114 102 99 110 147 185 199 201 183 135 110 119 161 194 198 188 170 154 146 143 139 135 129 126 123 114 98 50 34 23 21 31 34 29
152 163 179 210 245 247 223 211 218 227 232 234 234 219 170 144 142 148 161 173 176 171 165 153 137 118 106 101 96 93 89 93 121 180 195 189 175 157 166 206 217 210 199 184 170 159 156 159 171 192 196 169 133 115 109 112 121 134 151 160 157 144 127 111 100 98 113 160 200 210 200 161 124 113 130 176 196 189 170 155 149 147 145 141 134 130 121 95 44 14 10 1 10 22 18 15
143 155 195 238 249 229 206 213 231 241 243 244 242 220 155 135 134 138 150 167 175 173 169 164 151 129 114 105 99 96 93 91 96 134 187 195 185 159 162 202 216 209 196 181 168 160 157 160 174 200 205 182 152 123 104 98 100 109 131 151 156 153 143 127 109 98 97 119 186 211 207 177 145 125 121 148 187 189 171 157 152 150 149 146 141 136 119 44 16 8 351 347 7 20 10 7
135 147 222 245 229 204 206 229 246 250 252 252 245 212 145 126 122 124 133 154 172 175 174 174 167 147 126 109 101 97 93 88 84 93 142 194 197 160 156 195 211 206 192 177 167 162 159 162 180 208 207 188 176 151 113 97 92 91 99 120 139 148 151 144 130 110 96 98 140 203 209 184 155 140 126 130 167 185 171 157 152 150 149 146 140 119 355 1 16 1 328 334 8 23 6 1
135 147 234 236 212 209 240 263 270 273 273 272 263 211 125 111 107 105 108 126 153 169 174 178 176 166 146 122 106 97 91 83 79 80 92 165 196 164 152 186 206 200 187 175 168 164 162 168 192 211 200 189 193 183 136 105 92 87 86 92 105 122 138 144 142 129 112 101 109 173 206 187 159 149 140 132 146 172 168 155 148 145 144 127 6 341 346 2 21 1 314 318 4 25 3 355
140 170 228 228 229 261 282 288 291 293 293 292 293 13 98 98 97 90 82 86 103 138 163 177 180 177 168 149 122 101 89 84 81 78 78 100 169 166 152 173 197 193 183 173 166 163 163 175 203 209 190 191 203 198 166 129 105 95 90 88 88 92 104 120 132 134 131 124 119 145 193 187 161 151 150 143 142 158 164 153 138 116 12 351 345 339 348 12 30 8 304 298 347 21 1 350
147 186 224 238 264 280 286 287 287 289 290 291 298 67 96 100 103 94 79 76 78 91 122 158 173 178 179 173 151 114 89 81 77 74 72 78 103 146 148 159 182 184 178 170 165 162 163 183 208 201 183 193 208 201 183 161 136 112 98 89 82 82 88 99 112 122 131 135 133 141 175 183 162 152 154 152 146 147 155 146 60 349 340 344 344 340 352 22 40 30 295 282 312 5 357 350
147 197 241 259 272 277 277 277 275 274 272 269 267 109 103 107 114 110 94 83 78 76 79 100 137 163 179 188 185 147 91 76 72 70 69 69 71 85 113 135 161 167 168 167 163 160 162 186 203 192 181 196 206 197 189 180 166 137 109 93 86 88 94 104 113 118 123 128 133 140 160 172 163 155 155 156 147 125 54 3 336 324 329 340 343 342 359 31 47 50 303 275 289 337 352 352
166 221 258 264 266 265 264 262 260 256 253 250 241 121 105 111 121 128 123 105 89 79 74 74 84 112 157 195 209 203 107 78 75 74 73 70 66 63 61 55 59 90 122 141 143 145 151 180 194 185 182 197 203 194 192 191 186 169 140 121 113 110 112 117 124 128 130 130 135 141 145 153 155 143 130 87 351 353 359 358 333 314 320 334 338 343 6 37 52 54 351 281 283 311 341 353
214 268 275 268 260 254 248 243 242 242 244 246 241 121 105 111 122 132 135 125 110 95 85 81 81 88 112 188 223 226 180 95 85 82 80 75 70 60 44 28 38 52 46 35 42 49 61 97 164 170 179 195 197 192 195 199 198 187 166 147 133 127 126 128 130 133 137 139 141 129 66 37 19 16 15 355 339 346 358 3 344 320 320 330 332 343 12 43 55 55 14 290 284 299 329 353
