clear-cut-blast/dem/topaz/TASPEC.ARC
ncols   306
nrows   300
xllcorner  550602
yllcorner 5219355
cellsize   30.00
nodata_value    -1.0
[rows 43 to 85 of 300, columns 96 to 191 of 306]
9 5 2 357 351 344 337 332 333 345 5 21 27 29 32 36 39 41 41 39 36 35 35 37 37 35 35 34 30 25 17 10 8 11 16 20 23 21 9 346 322 316 326 338 345 349 351 354 357 4 24 49 59 56 52 54 54 51 47 44 45 50 57 62 64 61 52 41 30 28 42 58 58 42 355 321 315 315 316 318 325 335 348 358 11 20 13 3 6 15 20 22 27 33 34 33
8 6 3 0 355 349 344 338 335 341 0 16 25 29 33 37 39 40 41 41 39 37 36 35 34 32 31 29 28 26 21 11 7 9 12 16 20 20 14 0 338 324 324 331 338 343 348 353 1 13 35 56 62 59 54 50 47 45 46 48 52 57 63 65 63 55 45 38 35 39 49 52 45 33 359 323 314 314 316 320 327 338 351 5 15 11 0 358 4 12 20 25 29 36 45 52
8 5 3 0 357 353 350 347 341 340 352 9 21 28 33 37 39 40 41 41 41 38 36 34 31 28 27 25 27 32 28 16 6 6 9 13 18 20 18 11 354 335 327 327 331 336 346 359 13 30 48 61 66 62 55 46 41 43 47 51 57 62 65 62 54 46 43 42 46 48 44 38 33 29 8 330 316 315 317 321 327 338 353 10 14 1 353 355 3 13 25 33 40 52 66 76
8 4 0 358 354 353 354 354 347 339 345 1 16 26 32 36 39 40 41 42 42 40 37 33 30 27 25 22 26 35 34 19 6 4 6 12 19 23 23 21 8 347 332 327 329 336 349 9 30 48 58 63 64 60 52 43 41 45 49 52 56 58 57 52 45 42 43 46 47 41 29 24 27 31 17 335 315 314 316 318 323 336 355 10 7 355 351 355 4 20 42 57 68 79 84 82
12 4 356 347 341 346 355 359 348 325 321 345 12 26 34 38 40 41 43 45 47 47 44 37 31 33 33 29 29 35 32 18 5 2 5 13 21 27 30 31 20 351 334 330 329 332 349 23 45 56 60 61 60 58 51 45 44 49 52 51 50 48 45 43 41 42 45 47 41 27 15 18 30 36 21 337 315 312 313 317 323 336 355 5 0 352 353 358 10 37 68 85 94 94 84 67
169 175 185 200 214 211 187 170 179 197 207 209 204 77 60 55 52 53 54 58 63 68 70 70 71 77 74 58 40 37 33 19 3 358 4 14 22 28 31 32 20 353 338 330 323 317 341 35 55 59 59 59 59 57 53 50 49 52 53 51 46 42 41 41 41 44 48 46 33 17 12 19 32 35 17 341 318 313 317 321 327 339 354 0 355 352 355 2 19 56 81 92 93 81 61 46
173 176 181 187 193 191 183 175 175 182 191 195 194 184 162 138 111 94 88 89 93 101 114 129 143 147 148 151 135 82 59 30 349 344 358 13 23 27 28 27 18 0 342 327 286 258 251 83 76 70 65 62 62 59 58 55 53 55 55 51 45 42 42 43 43 47 50 41 24 13 13 22 27 22 7 347 330 323 324 325 329 341 354 356 351 351 357 6 26 58 74 76 67 50 39 37
171 174 179 185 191 190 182 175 174 179 188 194 194 189 179 169 155 136 124 118 116 123 133 142 152 159 166 174 178 169 156 169 255 289 331 9 26 31 33 35 33 29 83 161 190 206 202 172 124 100 85 76 73 68 64 62 60 59 59 55 51 48 47 47 47 48 44 29 14 12 17 20 15 9 2 352 339 332 332 332 334 343 353 352 349 351 358 10 30 53 62 57 44 34 32 36
167 170 177 185 191 189 181 174 173 180 190 195 194 192 188 179 164 147 136 127 125 130 136 141 149 160 170 177 181 179 175 186 216 233 233 198 96 81 81 87 99 120 139 156 180 194 194 185 165 145 131 113 100 93 85 80 75 72 68 65 62 61 58 54 50 44 32 15 6 9 14 12 4 359 359 354 346 341 341 342 340 343 349 350 348 351 359 14 36 52 55 49 38 32 32 37
167 170 175 183 189 187 177 172 174 182 192 196 196 196 194 186 168 148 136 128 125 129 133 137 146 159 170 176 181 182 182 190 209 217 209 188 169 155 144 138 136 136 139 152 176 190 192 189 181 172 165 152 137 131 125 115 106 95 86 80 78 77 72 62 50 36 19 6 2 5 9 6 358 356 358 356 351 348 348 349 347 346 347 349 351 355 2 20 42 53 53 47 39 34 34 37
165 168 174 183 188 183 171 168 174 184 193 198 199 199 198 191 174 151 135 126 123 125 131 136 144 157 168 175 180 183 185 192 204 208 200 186 175 165 157 150 143 138 137 147 170 188 192 191 188 184 178 168 158 153 150 144 138 127 113 103 99 97 91 73 46 23 7 358 357 1 4 2 357 356 356 355 353 351 351 351 350 349 350 352 356 5 15 34 56 62 58 51 44 39 36 37
158 162 173 182 185 180 168 165 175 188 197 201 202 201 200 195 181 157 135 123 119 122 127 132 141 153 164 172 178 182 187 193 200 201 195 186 177 169 162 154 145 138 136 144 165 185 191 192 192 189 182 173 166 162 161 161 159 153 143 131 124 121 119 103 26 356 351 351 353 356 358 357 355 354 354 354 353 352 352 350 350 351 352 355 5 29 61 93 102 98 87 73 59 47 42 40
154 156 169 180 184 179 169 166 179 195 203 207 208 205 202 197 187 167 139 118 111 113 119 125 134 147 159 168 175 180 186 193 197 196 192 186 180 174 167 158 148 141 137 142 161 183 191 193 193 190 182 172 166 166 169 171 170 166 158 150 143 141 146 168 271 311 331 342 348 351 353 353 353 352 351 352 352 351 351 349 349 354 3 30 100 118 126 133 136 138 139 137 122 89 68 60
148 146 159 177 183 179 170 167 181 201 208 209 210 211 206 200 192 176 147 119 105 104 107 112 121 134 148 162 172 176 184 192 196 195 191 187 181 175 167 159 151 143 136 137 155 180 191 194 195 191 182 169 162 166 173 177 176 172 166 161 157 157 166 195 244 274 300 325 340 346 347 348 349 348 348 350 352 354 356 359 17 111 142 151 150 145 145 145 147 151 157 164 166 161 147 129
142 136 147 169 181 179 169 166 185 209 215 213 212 213 208 200 192 180 161 136 115 104 100 99 104 114 128 149 167 174 182 191 194 193 191 187 183 177 169 160 152 143 134 132 146 172 190 196 197 192 181 167 158 162 173 180 179 176 171 168 167 168 176 204 241 260 276 300 324 336 341 343 344 345 347 353 0 12 35 99 137 148 154 156 153 151 150 149 149 153 161 171 176 173 168 165
137 127 134 155 177 180 170 167 187 212 219 217 214 212 206 197 188 180 169 153 126 106 95 93 96 101 110 129 156 171 180 190 193 192 191 188 185 180 172 163 154 145 135 131 139 162 189 201 201 193 181 167 154 153 166 179 183 181 178 175 173 173 183 212 242 255 265 280 303 323 333 338 342 345 350 2 21 55 100 129 140 147 153 155 153 152 150 149 149 153 162 172 175 174 173 176
138 124 122 136 165 178 173 173 191 213 220 220 218 214 207 195 185 179 173 163 139 111 95 92 94 98 102 113 136 163 178 189 192 190 190 189 187 183 176 167 157 146 137 132 135 154 192 213 211 197 181 166 150 142 152 173 185 187 184 181 177 176 188 219 243 253 258 267 283 304 321 332 340 347 356 24 66 98 118 129 135 142 148 151 152 151 150 149 149 153 161 169 173 173 175 181
139 125 119 123 146 171 178 180 195 214 220 220 220 218 210 197 185 176 173 173 166 131 100 94 95 97 98 101 114 142 171 186 190 189 189 189 189 185 180 171 161 149 139 132 132 148 203 230 226 203 178 161 146 136 139 160 182 191 190 186 180 178 194 225 244 251 254 259 267 282 298 315 332 348 29 88 107 117 123 126 129 135 141 145 149 151 151 149 149 151 157 165 171 172 176 181
141 125 118 115 127 155 178 187 199 214 220 220 220 219 211 197 181 170 170 181 192 166 108 98 97 96 94 91 92 102 139 173 184 187 189 191 190 187 182 175 166 154 142 133 133 152 217 239 228 197 170 158 149 138 130 141 172 193 195 189 183 184 205 233 247 251 252 254 257 263 269 276 281 137 125 122 122 123 124 124 125 128 133 138 145 151 152 152 151 151 153 160 168 172 177 180
143 127 119 114 117 137 172 189 200 215 221 221 222 219 210 195 178 166 169 187 203 190 134 109 102 97 91 84 79 78 86 122 160 179 187 190 192 190 186 179 170 158 144 134 135 162 227 239 219 183 165 161 157 145 127 123 149 190 198 192 189 197 222 243 251 253 253 253 253 253 251 241 199 157 142 135 130 128 126 125 124 125 127 132 140 150 155 155 155 153 151 155 163 170 177 178
148 131 121 115 114 125 159 187 199 212 219 220 220 217 206 191 176 166 172 194 208 197 160 126 110 102 93 84 77 72 69 75 98 144 175 185 190 190 188 184 177 164 147 135 135 174 233 235 203 169 161 164 165 155 133 118 129 174 196 195 200 218 239 250 255 255 255 254 252 248 241 219 181 157 148 142 136 132 130 128 127 126 126 129 136 146 154 157 157 155 153 154 159 167 175 178
151 134 123 116 111 115 141 179 196 209 217 217 215 210 201 188 174 167 179 202 210 200 176 145 124 112 101 88 79 73 69 69 71 80 117 162 183 186 187 186 183 174 157 142 142 188 231 223 183 159 159 169 174 164 141 123 122 150 188 200 218 238 250 255 256 256 255 254 252 244 228 200 171 156 150 145 140 137 134 132 129 127 127 127 132 141 150 155 157 157 156 155 156 162 173 178
153 135 123 115 108 108 122 161 192 208 217 217 213 207 197 184 173 173 191 208 208 199 184 161 141 128 114 97 85 78 73 71 69 68 72 90 138 166 180 188 189 181 166 150 151 200 230 211 170 152 157 174 182 171 148 128 119 131 173 210 237 251 256 256 255 255 254 253 249 235 209 182 164 155 151 147 143 141 139 136 132 128 126 125 128 134 142 149 153 157 158 156 153 155 167 178
154 138 124 113 104 100 106 132 182 207 216 216 212 206 196 181 174 181 199 209 203 193 184 172 161 152 138 119 103 90 80 74 70 66 62 62 67 91 138 180 188 183 171 156 160 216 231 201 160 144 151 173 187 178 155 134 121 121 153 227 250 256 256 255 254 254 254 252 243 219 190 171 160 154 152 148 145 144 144 140 134 128 123 119 119 122 129 137 146 154 160 157 148 146 159 173
157 142 131 119 107 97 94 106 155 202 214 213 208 201 190 177 176 190 203 204 196 189 184 179 174 171 164 148 130 111 95 81 72 66 61 57 51 50 50 64 150 167 169 165 179 223 228 193 152 137 141 166 187 182 163 140 126 123 152 239 255 256 254 253 253 253 253 248 232 201 177 165 158 153 151 148 146 146 148 144 137 129 120 112 107 106 110 117 126 140 155 155 143 137 144 157
160 148 141 133 122 109 97 97 119 187 209 209 205 199 185 173 180 198 203 196 189 186 184 183 181 180 176 168 157 145 127 100 79 65 58 53 48 46 47 48 62 99 138 158 193 228 222 186 152 137 134 151 177 181 170 147 131 131 174 243 256 256 253 252 252 252 249 240 218 186 169 162 158 154 150 146 144 147 149 147 143 135 122 108 94 87 83 81 84 92 111 125 117 103 77 67
165 154 149 146 140 131 114 102 103 149 195 202 202 195 181 173 188 202 197 188 184 184 186 186 186 185 182 176 170 166 161 141 103 69 54 50 48 48 48 48 51 58 71 106 193 226 216 185 156 139 135 142 159 175 174 150 128 129 195 249 254 254 252 251 250 248 242 230 203 177 166 160 157 152 148 144 144 146 149 149 148 143 130 104 78 65 58 54 53 51 45 42 37 23 18 25
167 157 154 153 152 148 140 126 117 129 170 192 197 191 179 179 196 201 190 181 180 183 188 190 191 190 186 181 177 177 178 175 158 101 54 49 49 50 50 51 52 55 66 87 156 216 209 187 163 145 137 135 141 160 169 151 126 126 214 248 251 252 251 249 247 242 233 216 191 173 166 159 153 149 145 143 143 147 149 151 154 156 151 120 68 51 45 42 41 38 32 25 15 8 12 22
164 158 157 157 154 153 153 144 130 124 142 176 188 183 177 187 201 197 185 176 175 180 188 193 195 195 191 186 183 183 187 191 192 187 121 53 52 54 55 55 55 57 67 82 113 206 206 189 174 160 145 133 130 142 153 137 122 128 206 242 247 249 249 246 241 232 219 201 184 173 168 160 151 145 142 142 143 147 151 155 162 170 177 182 147 58 43 39 38 36 31 25 15 8 20 37
154 144 144 140 125 117 113 103 89 77 64 65 123 153 166 188 199 194 183 173 169 176 187 194 199 200 197 192 188 188 193 200 203 202 196 163 92 76 71 68 66 68 76 84 104 175 201 195 186 175 159 148 147 141 110 95 102 117 187 232 242 244 244 240 231 219 204 190 181 177 173 162 150 141 138 140 143 148 153 159 167 177 188 197 199 180 93 59 56 51 46 44 39 39 70 88
41 37 26 20 24 23 21 21 24 24 22 23 28 38 43 54 193 187 178 168 162 168 181 194 203 205 202 197 193 190 195 204 208 206 197 183 158 131 113 98 90 89 89 90 99 141 191 194 190 183 175 170 181 194 95 75 82 97 153 221 234 238 237 230 217 205 193 184 182 184 179 165 148 135 132 135 140 145 152 159 169 180 193 204 208 201 175 144 125 119 117 116 127 142 142 134
0 9 9 9 12 14 15 16 16 16 17 19 20 23 22 20 22 32 95 126 131 143 164 191 207 209 204 199 195 191 197 209 213 207 194 179 167 159 150 134 121 112 104 96 94 110 170 192 190 185 183 190 210 224 166 95 84 89 115 211 230 233 230 220 207 196 187 183 186 193 188 167 143 127 123 127 132 139 149 158 168 181 200 212 215 201 174 157 150 149 149 147 149 153 152 148
354 2 6 8 10 13 16 18 17 17 18 19 19 21 23 22 23 24 24 32 41 51 69 144 208 209 204 199 195 192 202 216 217 204 185 171 168 171 169 156 141 128 114 100 94 100 134 180 189 187 192 207 224 229 198 126 104 101 115 192 231 232 224 216 204 193 185 184 195 207 201 170 140 123 118 121 128 137 149 159 167 187 211 221 217 195 164 152 152 154 153 151 152 155 156 154
353 1 5 7 10 13 16 17 17 17 19 19 20 22 24 24 24 23 22 23 26 32 40 45 76 191 197 198 196 197 211 222 219 201 178 165 167 177 178 165 149 134 119 103 95 97 113 157 186 190 201 219 231 234 218 134 114 111 119 180 231 227 216 212 204 192 184 189 207 217 205 175 146 125 118 119 126 137 151 159 169 198 220 221 211 183 155 148 149 152 151 149 150 155 159 161
352 0 4 7 9 13 16 16 16 17 19 20 21 23 24 24 24 25 25 26 29 34 38 40 47 77 167 191 195 204 218 225 220 199 171 158 166 182 184 170 153 140 124 109 99 96 101 126 175 195 216 232 236 237 225 146 116 114 122 175 222 210 200 206 206 194 187 196 214 218 202 178 154 130 117 115 118 129 144 153 172 211 224 217 206 175 148 142 143 146 146 148 147 150 157 165
348 358 3 6 9 13 16 16 15 16 19 20 20 22 25 26 27 28 30 32 36 40 42 43 48 54 68 141 187 209 222 224 218 200 168 154 164 185 189 175 159 148 135 119 106 100 97 105 143 202 229 239 237 233 219 163 124 117 124 168 209 196 189 201 205 198 195 206 219 216 198 182 166 138 116 107 106 114 129 142 176 221 228 217 201 167 144 138 137 137 138 142 143 141 148 165
342 353 0 4 7 12 15 15 15 16 18 20 20 22 25 27 30 32 34 37 41 45 47 50 53 54 56 67 119 211 223 223 217 201 171 152 162 188 194 179 160 152 145 131 117 107 100 100 117 192 226 231 227 225 214 172 130 119 122 158 202 188 183 201 207 201 202 212 219 212 195 184 176 152 121 105 99 103 113 125 174 227 230 217 193 163 144 138 137 133 131 134 137 138 142 158
335 348 357 2 6 11 14 14 13 15 17 20 22 23 26 28 31 34 36 39 45 49 52 54 57 58 57 58 64 143 221 221 217 206 181 156 160 189 204 189 155 140 138 134 125 113 103 94 91 141 212 220 217 216 211 180 137 121 120 146 189 183 181 201 209 205 207 216 217 207 192 186 185 170 135 110 101 98 100 106 156 228 228 212 187 160 142 137 138 136 131 128 131 134 138 151
328 342 354 2 6 10 13 13 13 15 17 20 23 26 28 31 34 36 38 42 48 53 55 57 60 62 62 61 62 70 182 215 217 211 192 162 157 188 209 206 165 115 110 113 112 104 92 79 69 78 158 205 212 214 210 186 147 126 121 136 173 179 181 201 209 209 214 220 217 205 192 187 189 182 155 127 112 103 99 106 140 212 220 207 188 164 142 135 138 139 137 134 131 129 131 140
321 335 350 1 7 10 13 12 13 16 20 23 25 28 31 33 37 39 42 47 53 57 58 59 63 68 69 67 65 68 89 195 215 212 198 171 159 186 210 211 192 135 103 92 87 81 73 65 61 67 89 166 208 215 211 190 154 135 126 129 156 175 182 200 209 213 220 223 217 205 192 187 192 189 168 144 130 119 111 110 131 198 214 208 194 168 144 136 139 141 142 144 142 135 130 135
313 326 343 0 7 10 13 13 14 18 23 26 28 31 33 36 40 44 48 54 59 62 63 63 67 71 72 70 68 68 74 107 202 206 199 180 165 185 211 211 197 167 138 119 107 91 73 64 61 63 70 86 180 212 211 190 158 142 133 129 145 171 181 198 210 216 221 221 215 203 190 190 198 192 172 156 144 134 123 115 126 183 215 215 200 171 144 135 136 136 141 147 148 148 140 131
304 314 332 355 7 12 14 15 16 19 24 27 28 31 35 40 45 51 56 62 67 68 68 69 71 72 71 69 69 68 67 68 115 190 195 184 173 189 212 211 197 177 158 146 146 146 102 77 74 75 74 77 103 188 202 184 161 149 139 122 89 7 22 124 199 214 220 219 212 201 194 201 206 193 174 162 152 142 128 119 125 171 223 230 210 168 139 129 129 130 136 139 137 141 135 112
297 302 317 346 9 16 17 18 18 20 24 27 29 32 37 44 51 57 63 69 73 74 74 74 74 73 72 69 66 61 56 52 54 82 170 179 178 196 214 209 195 178 161 154 165 184 162 129 126 127 122 110 110 148 187 180 163 151 125 36 354 358 22 47 86 205 219 218 214 210 210 217 210 189 175 166 158 150 134 123 124 169 232 233 212 173 133 119 114 109 100 73 53 37 25 30
