clear-cut-blast/dem/topaz/TASPEC.ARC
ncols   306
nrows   300
xllcorner  550602
yllcorner 5219355
cellsize   30.00
nodata_value    -1.0
[rows 215 to 257 of 300, columns 192 to 287 of 306]
12 9 12 30 48 31 339 329 333 342 353 4 13 16 14 16 34 59 79 87 89 88 88 86 81 311 289 295 300 298 295 295 296 299 305 325 14 48 51 18 343 349 15 22 327 293 288 285 282 281 280 278 278 282 289 296 302 309 316 322 328 331 329 328 327 328 338 31 102 114 121 129 134 136 134 131 128 125 126 135 159 190 204 209 209 206 200 189 178 167 156 155 162 157 124 95
5 10 22 44 55 21 328 324 330 340 354 5 12 15 17 28 56 75 83 84 81 77 76 74 65 321 289 291 294 293 292 291 292 293 298 318 23 49 40 4 342 352 15 26 349 308 302 299 293 289 288 286 285 286 287 290 293 297 305 311 317 322 324 324 325 337 21 94 108 107 109 113 120 127 132 135 135 132 128 129 154 197 210 209 207 207 202 190 178 167 156 154 168 177 161 133
5 16 34 52 53 5 323 322 328 340 354 4 10 15 25 45 68 77 78 76 71 70 72 72 62 325 289 286 287 288 287 287 287 287 293 314 21 46 29 352 341 355 16 28 1 315 304 303 299 293 288 284 283 284 284 285 285 290 297 302 307 311 315 318 324 10 92 113 114 112 113 113 115 120 125 129 133 134 128 125 147 202 214 209 208 209 203 191 179 167 155 151 166 182 178 164
10 27 47 59 47 349 321 322 327 339 354 5 13 23 43 63 73 75 73 71 71 74 78 79 71 313 285 283 283 282 281 281 281 282 288 309 14 39 17 341 341 358 17 30 10 319 301 297 295 291 287 283 281 280 279 279 280 284 290 295 299 304 309 314 328 109 119 123 120 119 121 121 122 123 123 121 125 130 128 128 147 199 212 210 211 211 202 191 181 169 156 148 160 182 186 178
21 41 58 60 35 340 323 322 327 340 358 18 34 56 75 81 81 80 78 76 78 82 84 85 78 297 282 280 278 276 274 274 275 277 282 299 1 30 6 339 343 1 17 29 15 326 305 300 295 288 284 280 278 276 275 274 275 278 283 287 291 295 298 305 108 115 118 121 121 123 124 124 125 128 126 123 123 125 126 128 148 195 210 210 212 209 200 193 185 173 159 149 156 178 189 186
34 52 62 57 20 334 323 322 327 343 13 49 79 100 103 99 97 96 94 91 91 92 91 87 66 309 289 277 271 269 268 269 271 272 275 287 338 16 358 341 347 2 16 28 18 333 311 306 300 294 289 284 281 278 276 274 273 274 277 281 283 281 274 210 125 112 110 110 113 115 114 113 116 125 129 129 127 124 121 121 140 187 208 212 212 204 196 192 188 178 163 148 150 173 191 194
49 62 67 56 3 328 324 324 329 351 44 81 103 120 125 122 121 120 118 116 112 107 102 87 28 325 312 287 272 268 270 270 270 270 271 277 305 355 347 340 348 1 15 26 22 343 314 306 301 297 292 288 285 282 280 279 276 275 275 276 276 268 244 167 131 117 110 107 108 106 102 100 104 115 124 128 131 133 130 124 132 171 201 208 206 198 193 195 195 185 168 148 145 168 191 200
64 71 70 49 345 325 326 329 336 9 60 82 96 114 127 131 134 134 133 134 131 123 111 67 345 332 335 320 291 277 273 272 270 269 268 271 285 321 331 336 347 0 14 26 26 357 323 311 306 300 294 290 288 285 284 283 282 280 278 277 274 262 221 151 132 124 118 115 114 112 109 106 106 110 114 117 121 126 128 124 121 144 191 203 200 195 194 200 202 192 173 151 144 162 191 201
76 78 67 26 337 328 329 334 347 24 55 66 69 77 91 102 109 114 119 126 131 128 86 348 337 338 346 345 320 291 276 270 268 267 267 269 278 299 316 328 341 358 13 24 26 6 337 321 313 307 301 299 298 296 293 289 287 286 284 284 281 272 179 136 134 131 125 122 123 124 123 118 116 115 112 107 105 104 108 109 104 112 161 190 195 195 199 207 207 195 178 154 140 153 187 200
81 74 48 4 334 328 331 339 357 33 54 59 60 61 63 64 63 66 75 88 93 64 336 331 336 342 348 350 339 317 294 279 272 271 271 272 277 288 303 317 332 353 11 21 23 9 348 332 317 309 305 304 305 305 303 299 297 294 292 292 294 305 92 114 122 126 124 124 126 129 130 126 124 121 117 113 109 103 96 86 80 78 86 139 180 195 205 212 208 197 184 163 140 143 177 197
68 47 21 355 332 327 332 342 6 38 58 65 69 69 67 65 65 67 73 74 54 353 328 325 333 343 349 349 343 336 324 306 290 284 282 279 280 284 295 306 322 346 5 16 19 9 355 342 324 312 307 306 306 306 306 306 306 303 302 301 304 340 69 90 99 105 108 110 113 117 119 118 117 115 112 109 101 85 55 41 44 46 46 54 75 176 208 210 203 198 192 175 148 139 163 191
43 25 12 357 334 325 330 344 18 51 67 75 80 81 81 81 84 90 94 84 32 340 327 323 330 341 348 346 340 337 337 330 314 299 292 288 286 288 295 302 315 338 358 12 18 10 357 348 333 320 313 309 305 303 304 306 308 308 309 307 308 2 74 84 86 86 86 89 91 91 88 84 83 84 82 76 61 35 18 22 32 37 39 42 47 54 159 197 199 201 199 184 158 143 156 184
29 21 13 3 340 326 328 349 42 72 82 87 89 90 92 93 95 98 96 72 346 332 329 325 329 338 345 346 339 334 337 339 332 317 304 297 293 296 299 304 315 331 350 9 18 11 356 346 337 326 319 314 308 304 304 305 305 306 307 303 299 57 87 85 79 75 73 75 75 70 65 63 62 60 57 51 34 15 12 22 35 42 42 43 46 49 60 120 191 206 204 187 164 146 151 178
25 21 15 6 349 330 330 9 65 84 92 96 98 99 99 99 98 94 79 12 332 328 330 327 327 334 342 345 341 333 331 336 340 334 322 309 303 301 302 306 314 327 344 4 17 13 355 342 337 329 322 318 314 309 307 303 299 293 285 261 219 151 118 97 80 71 68 68 67 64 63 64 62 57 54 46 25 10 17 32 46 51 49 47 48 51 55 62 102 195 202 189 166 144 142 167
22 18 12 6 356 340 344 37 75 88 95 99 103 103 104 104 101 88 38 347 332 327 330 328 325 329 336 342 343 334 328 331 338 340 330 317 311 307 305 306 312 323 339 359 13 13 357 342 338 332 324 320 316 312 305 295 280 255 216 194 183 168 153 134 109 91 81 76 72 69 69 69 65 60 56 44 21 13 27 42 51 53 51 50 51 55 58 61 73 125 189 191 170 142 132 151
17 13 8 5 1 354 10 64 86 93 96 98 100 103 105 106 95 58 355 343 336 329 330 329 323 325 332 338 343 338 329 328 334 337 331 319 313 311 311 309 310 318 332 350 6 10 359 344 340 336 327 319 313 306 283 252 224 198 181 178 179 176 170 162 149 132 115 100 87 77 71 70 69 66 58 40 19 20 37 47 50 51 52 54 57 61 64 65 68 83 136 191 182 144 122 132
12 9 5 5 6 14 45 83 97 103 103 102 98 95 94 88 57 5 344 344 342 333 330 330 325 323 327 333 340 340 334 331 333 334 332 321 311 311 315 314 313 316 326 340 355 5 1 349 343 338 324 305 288 245 199 196 191 179 172 174 180 180 177 172 165 156 143 129 111 93 81 77 76 73 62 41 24 34 47 52 56 60 66 70 74 75 74 71 68 73 91 161 187 162 122 110
9 5 1 5 16 37 66 85 92 94 93 89 82 76 70 50 11 349 344 346 344 334 327 329 328 324 322 326 334 338 335 332 332 334 335 326 312 308 312 314 314 314 316 326 341 359 5 358 349 339 247 219 202 182 174 180 182 174 168 174 182 182 179 175 171 165 158 150 138 124 110 99 93 90 84 67 51 68 77 82 87 92 99 104 105 99 91 82 76 74 82 107 174 170 142 112
6 2 359 8 28 52 69 77 77 72 67 64 63 62 52 24 358 349 347 347 347 336 326 325 328 327 323 321 326 331 332 331 331 334 337 330 315 306 305 305 305 298 289 288 298 337 26 45 112 149 164 180 184 177 172 176 180 172 166 173 181 181 179 177 174 171 167 162 156 149 138 125 116 116 127 151 152 127 120 123 125 122 121 125 131 123 111 98 87 79 78 80 107 153 154 143
5 1 0 16 45 63 71 73 71 66 62 61 63 61 43 12 352 347 348 350 351 344 331 324 327 329 324 320 322 326 327 328 330 334 338 335 322 308 298 284 268 249 238 229 220 197 163 150 149 148 154 169 180 179 173 177 179 171 167 173 180 181 180 177 175 173 171 167 163 158 151 142 135 135 147 167 171 154 136 131 133 131 127 129 139 140 130 116 99 84 74 66 56 66 99 134
6 7 11 32 60 72 75 73 70 67 66 66 65 56 29 357 345 346 349 351 353 350 341 332 327 327 324 320 320 322 324 326 329 334 340 341 330 308 270 233 215 211 210 207 201 189 173 162 153 145 146 159 177 183 177 178 179 172 167 172 180 181 179 177 176 174 172 168 165 161 155 149 144 144 151 168 177 167 142 128 126 127 125 128 138 147 147 138 120 100 79 62 46 43 54 80
7 15 29 56 73 79 78 75 72 70 69 67 59 41 14 351 342 343 345 348 352 351 345 340 333 328 326 322 319 320 321 323 328 336 345 348 262 202 199 198 197 199 200 198 194 186 176 165 152 143 140 150 174 186 180 178 179 173 167 170 178 180 178 176 175 175 174 171 167 162 158 152 148 147 150 165 179 175 152 128 117 115 116 120 129 143 156 156 145 131 112 89 65 56 60 69
3 28 52 74 83 83 80 77 75 74 71 64 50 29 5 346 337 337 340 343 347 347 345 346 342 334 328 322 317 315 316 318 326 347 133 159 172 177 184 190 194 197 197 195 191 185 176 165 153 145 141 145 168 189 186 179 177 173 166 166 175 178 176 174 174 176 178 176 170 165 159 153 150 147 146 160 180 183 166 138 115 106 103 104 110 126 149 161 156 145 139 140 130 103 85 79
346 53 75 85 86 83 81 78 77 75 70 60 42 18 358 346 338 335 337 340 344 346 347 351 351 341 330 319 311 309 309 311 322 133 140 153 165 175 183 191 197 200 197 192 188 182 174 165 155 148 145 146 165 191 195 183 172 170 165 162 170 176 174 171 171 175 180 179 173 168 162 157 152 146 142 153 177 188 179 153 124 107 97 92 93 102 122 150 157 143 138 152 161 147 120 99
272 89 91 90 85 82 82 80 77 72 63 50 29 7 355 348 342 336 335 338 342 345 348 354 359 350 334 319 309 304 300 293 132 132 134 139 152 171 184 195 202 201 193 189 186 180 173 164 156 151 149 149 165 194 203 191 169 163 163 159 164 173 173 169 167 172 180 179 175 174 170 164 158 148 140 147 173 191 188 168 135 112 100 93 90 91 101 127 150 140 134 148 165 165 148 122
248 96 90 87 84 83 82 79 73 65 55 38 15 359 355 350 342 335 333 335 337 341 348 358 5 359 342 325 312 297 277 148 130 131 136 136 141 161 183 197 202 196 189 187 183 176 170 165 160 157 153 151 167 200 214 203 166 150 155 156 158 168 173 170 166 170 177 177 176 179 178 172 164 153 140 143 172 197 198 182 148 117 103 97 93 91 93 106 132 135 131 138 157 168 164 144
252 90 82 80 83 84 81 74 64 56 44 23 4 357 356 352 343 334 331 332 335 339 348 358 7 4 345 326 306 274 194 141 130 132 139 138 135 148 177 196 197 191 188 188 182 172 167 166 163 160 155 153 171 209 225 215 169 140 143 149 152 163 173 170 166 168 173 172 176 183 183 178 169 156 141 141 174 207 208 197 166 122 103 97 93 88 83 84 94 105 108 113 132 156 168 159
257 79 77 76 81 83 77 66 56 47 31 9 0 359 358 353 344 336 332 332 335 338 348 359 5 4 343 316 272 204 156 135 130 133 138 138 135 137 163 191 195 190 190 191 180 166 160 162 165 163 159 159 178 218 234 225 175 132 126 132 140 157 171 169 165 165 168 170 179 189 188 180 170 157 141 140 180 217 218 208 185 135 105 96 89 81 75 73 71 70 71 76 85 107 144 155
260 310 70 69 71 72 67 57 48 36 18 4 359 359 356 352 347 342 339 337 337 346 125 164 195 210 229 217 187 162 141 127 123 126 132 137 138 137 151 179 191 191 196 195 179 159 152 158 165 164 161 164 188 228 242 234 184 127 113 113 121 142 162 170 168 162 163 170 185 194 190 180 169 156 141 139 184 223 223 213 195 158 117 97 85 79 77 74 70 63 59 58 57 60 72 102
262 283 54 57 56 57 53 44 35 22 9 1 359 358 354 353 354 355 0 13 121 149 150 164 182 189 187 180 173 163 144 125 114 112 116 123 131 136 147 170 186 191 197 197 180 158 147 150 160 160 157 175 212 239 246 233 189 145 124 113 113 124 143 162 169 162 159 170 190 198 191 181 170 156 137 133 178 222 224 214 197 173 138 108 92 86 84 82 79 74 67 59 54 50 49 50
270 284 22 46 46 46 41 33 23 12 5 0 358 357 356 358 7 24 63 111 146 153 153 162 176 183 183 179 175 170 156 136 117 106 101 102 108 116 128 152 177 193 201 199 182 159 143 142 154 163 166 198 238 249 246 231 191 157 139 128 122 115 117 140 161 161 153 165 193 200 193 186 177 159 130 119 157 218 224 215 201 184 160 128 106 92 85 85 86 92 96 92 78 61 52 47
289 299 351 37 43 41 35 27 18 10 4 0 357 358 3 15 38 72 98 121 141 150 154 160 168 174 180 179 177 175 167 152 134 117 104 95 88 85 89 108 146 186 205 203 186 162 140 132 144 161 178 229 253 248 239 224 189 162 146 139 135 121 109 113 135 150 148 161 187 197 196 197 193 174 134 113 132 207 223 218 207 194 174 147 122 99 85 82 85 95 111 126 133 119 84 67
311 319 348 27 39 37 31 24 18 12 7 3 0 4 19 42 69 91 103 116 130 142 152 160 163 165 174 178 179 179 174 165 152 136 117 101 89 83 82 86 108 157 192 201 195 172 135 114 117 144 206 236 241 233 226 217 189 161 145 144 153 148 120 102 99 111 125 145 177 197 203 208 204 187 153 119 119 180 220 221 214 203 184 159 139 116 95 84 84 88 101 117 140 157 150 113
322 331 354 23 33 31 24 21 19 14 10 8 9 20 43 70 87 97 101 106 114 128 145 161 163 163 170 178 181 181 175 170 167 154 135 116 105 99 96 94 98 121 170 198 202 186 145 112 104 120 205 230 229 225 223 214 190 158 138 138 156 164 142 107 81 73 81 96 139 194 212 218 211 194 167 132 120 151 211 221 217 208 192 171 154 135 111 92 87 85 88 96 115 150 170 152
316 333 0 21 29 28 22 20 22 18 15 19 32 58 84 96 100 100 99 99 103 112 131 152 160 163 170 179 185 185 175 171 175 169 155 137 127 121 118 112 104 107 137 193 209 196 162 123 104 109 184 230 232 229 224 210 189 164 140 133 153 179 173 143 92 72 69 69 80 148 213 220 214 199 177 146 124 138 201 219 218 209 196 182 170 154 130 105 94 89 87 88 92 113 162 167
291 319 0 20 27 28 27 27 29 27 30 51 78 98 109 111 108 104 102 102 102 102 109 126 141 152 165 179 190 191 177 168 175 177 166 150 138 133 134 129 115 109 120 174 211 205 178 140 112 108 152 232 236 229 217 201 184 169 150 141 157 190 200 189 128 85 79 75 80 104 193 218 212 200 182 158 133 136 187 216 216 209 200 192 184 169 147 127 112 102 97 95 95 102 133 164
264 283 341 16 28 32 37 40 43 51 73 96 106 112 116 116 114 111 111 112 110 104 99 97 103 117 142 171 192 196 183 168 171 177 170 155 140 136 144 150 134 114 112 148 207 210 190 158 124 114 141 226 233 221 209 195 179 168 156 146 161 199 214 212 187 117 101 95 92 99 154 215 209 199 185 164 141 137 172 212 216 208 201 198 192 175 156 144 136 126 116 111 111 117 128 155
250 257 285 0 32 39 45 52 61 77 98 108 112 115 117 119 120 120 121 123 121 114 105 97 90 89 96 128 185 197 187 170 166 174 172 158 141 134 141 157 158 129 107 120 191 212 200 169 133 117 136 222 231 220 208 191 171 162 158 152 168 208 223 218 194 144 121 115 109 108 136 205 206 199 188 170 147 133 157 207 215 208 203 205 197 174 154 147 151 151 139 125 120 122 122 141
243 244 250 283 38 48 54 63 75 90 103 108 111 113 116 120 124 126 127 128 127 123 117 112 101 89 79 81 122 182 186 171 163 169 173 165 149 135 134 152 171 158 116 107 150 210 209 179 136 117 131 213 231 222 211 188 158 151 156 158 183 223 235 225 196 152 125 116 112 111 130 192 202 199 191 176 155 132 138 192 213 206 204 207 198 173 151 142 149 161 158 138 127 122 115 129
241 241 242 246 27 59 63 72 81 92 102 106 110 111 113 116 121 125 126 125 123 123 122 123 117 106 88 82 96 138 175 168 159 162 169 168 160 150 140 147 175 182 143 108 116 205 218 188 138 110 114 204 232 222 208 184 153 143 149 161 206 240 241 222 192 159 133 118 107 102 115 174 200 201 195 182 164 137 128 170 211 209 208 207 195 173 150 135 140 159 168 156 147 142 132 142
245 247 247 246 239 81 73 76 80 89 98 104 106 105 105 105 105 106 106 105 103 105 107 111 114 118 108 94 93 107 147 157 153 151 160 163 160 157 149 149 173 190 173 133 124 180 220 202 147 109 107 172 226 219 201 182 155 140 142 169 229 246 235 210 183 165 149 133 119 104 107 146 197 203 199 185 171 153 128 148 204 215 214 207 191 171 152 136 133 149 170 166 162 161 148 151
256 258 256 251 242 143 87 80 80 85 89 91 88 87 87 84 79 74 71 71 72 69 69 72 80 89 99 99 92 91 98 116 121 116 118 121 125 133 133 138 163 185 180 155 138 169 213 205 166 124 114 145 212 213 196 180 161 144 143 185 238 243 226 198 175 165 157 146 135 118 108 124 195 215 208 180 168 161 138 140 192 218 216 202 185 170 154 140 133 141 164 169 161 162 155 162
263 262 259 255 247 199 101 86 84 82 77 69 65 67 67 66 62 59 58 58 56 51 49 51 55 58 71 84 80 65 44 37 37 39 36 38 45 51 60 69 94 147 172 162 143 162 204 201 176 145 123 135 195 207 194 180 166 151 150 201 239 238 218 190 168 162 160 154 144 129 119 127 191 234 231 163 145 155 150 141 184 223 218 199 180 167 155 143 135 137 156 164 153 154 158 177
