clear-cut-blast/dem/topaz/TASPEC.ARC
ncols   306
nrows   300
xllcorner  550602
yllcorner 5219355
cellsize   30.00
nodata_value    -1.0
[rows 0 to 42 of 300, columns 192 to 287 of 306]
180 180 180 90 90 90 135 180 225 90 90 90 90 90 90 90 90 90 135 90 0 270 270 270 270 270 270 270 270 270 135 135 135 135 135 135 90 90 180 180 225 225 225 225 225 180 135 90 135 135 180 180 225 225 135 90 90 90 90 90 90 90 0 270 270 270 90 0 270 270 90 90 90 90 90 90 90 90 90 90 90 135 135 135 180 180 180 180 135 135 180 180 180 180 135 135
177 174 170 152 121 109 113 139 181 136 86 79 81 87 91 95 98 106 131 226 302 324 327 324 315 308 301 295 289 223 132 124 123 131 146 142 125 115 135 224 241 246 246 233 200 174 147 118 113 125 150 187 207 200 165 130 115 108 106 103 92 39 327 324 334 353 7 359 347 350 4 31 55 58 47 45 57 69 75 77 77 78 89 107 150 178 175 162 145 133 133 150 153 63 63 57
181 188 191 174 141 123 120 137 178 189 137 109 110 112 114 117 118 125 151 238 280 309 320 328 324 318 315 310 286 145 139 134 130 131 142 147 137 124 137 229 258 263 260 235 186 168 153 126 110 110 128 190 213 208 180 132 107 98 97 92 66 351 318 319 332 352 4 355 345 351 9 37 52 53 50 68 85 92 88 83 75 64 56 45 23 13 24 48 65 47 6 355 358 4 9 10
188 201 202 179 149 135 129 131 164 197 172 123 106 105 107 110 111 116 144 246 267 284 299 316 319 316 313 272 154 145 142 141 139 136 137 145 147 140 157 234 262 266 258 218 165 159 162 149 122 106 109 177 216 214 198 148 89 75 74 67 36 321 304 310 326 347 358 349 343 357 22 47 59 62 67 80 89 96 93 81 66 56 47 24 8 8 16 29 35 8 345 349 357 2 5 3
206 220 210 176 148 135 127 124 145 195 196 140 97 87 83 79 78 81 95 250 256 261 271 288 299 307 197 147 149 147 144 144 147 144 136 141 148 149 174 237 254 254 237 188 157 159 171 174 146 112 109 146 203 216 213 196 89 58 55 49 21 316 299 301 315 338 351 347 346 10 46 69 77 80 80 80 81 80 79 71 63 65 53 8 358 8 20 31 23 349 336 344 353 0 3 2
228 233 213 173 143 128 124 126 138 183 206 176 117 91 75 65 61 65 75 239 246 246 249 257 264 259 123 128 138 143 145 149 153 152 142 138 142 147 190 244 248 237 213 178 159 161 178 192 164 117 114 138 188 213 217 216 220 42 42 37 12 330 307 299 304 324 344 344 356 83 103 106 103 98 94 89 86 81 79 78 75 69 42 353 351 9 28 37 16 337 328 337 348 356 2 3
231 225 212 175 139 133 136 135 139 175 205 188 149 122 95 74 68 72 81 148 235 241 242 245 244 213 122 108 112 121 131 143 149 150 146 137 134 143 208 243 239 221 198 173 161 170 205 229 180 117 113 129 180 215 220 222 230 256 22 28 6 335 316 301 297 304 326 57 131 127 126 125 121 113 108 105 101 96 92 91 84 66 24 348 351 10 29 33 3 324 317 327 341 351 1 9
230 231 231 170 127 133 144 138 136 166 202 191 161 150 139 107 90 88 90 111 234 248 250 248 239 207 143 103 87 84 90 104 122 132 141 140 133 144 202 230 225 208 188 171 171 207 247 257 153 117 112 116 169 219 221 229 240 250 285 356 344 326 315 303 297 295 149 137 139 137 134 132 125 117 111 108 105 101 94 88 83 65 358 340 352 18 37 31 355 315 306 316 334 348 5 29
247 253 248 155 116 123 138 136 134 155 193 193 167 160 167 154 124 106 100 103 258 265 262 253 236 205 170 125 81 68 66 67 81 96 110 122 123 137 186 214 210 195 184 179 198 249 268 269 122 117 115 116 155 215 225 236 244 246 246 267 291 300 302 300 299 303 112 119 126 132 137 139 131 116 102 93 85 78 69 59 53 29 348 340 359 33 52 27 337 312 301 305 324 24 133 133
268 262 231 156 118 114 125 134 132 144 183 194 170 158 169 174 152 124 112 111 266 268 261 243 223 203 191 178 98 64 60 58 59 63 61 67 90 109 164 206 202 189 190 212 256 278 281 272 112 116 119 124 152 206 229 240 240 233 223 226 247 267 280 286 291 338 91 93 96 103 118 135 139 125 103 85 74 64 54 44 39 19 350 346 7 28 30 2 336 322 310 304 145 146 154 153
264 243 196 154 126 115 119 128 125 131 169 194 173 151 160 176 165 140 127 142 239 253 242 222 207 203 208 216 226 56 56 53 51 52 51 54 72 84 110 193 197 191 216 255 276 280 276 149 109 111 117 126 149 200 228 236 231 218 207 213 235 253 262 265 257 156 105 95 90 88 95 112 134 139 126 100 83 69 53 44 41 25 352 346 9 19 14 351 332 328 323 337 125 133 142 152
244 219 173 155 141 119 101 96 100 111 143 179 177 155 148 166 169 154 137 159 223 231 221 211 206 214 230 242 255 18 51 53 54 56 60 65 74 79 82 128 183 199 243 261 265 264 251 151 113 107 108 115 136 199 226 228 221 207 203 217 238 250 249 242 218 169 134 116 105 97 93 96 112 135 145 129 110 87 54 44 42 25 349 343 0 6 6 352 327 317 333 120 121 123 127 140
223 195 171 166 168 147 88 74 81 93 117 154 176 173 154 149 159 159 143 161 217 222 216 221 233 248 254 250 243 237 61 63 66 68 71 75 77 78 74 77 113 217 255 262 261 253 223 156 125 112 105 104 113 192 226 224 217 206 211 234 246 245 237 224 203 173 148 131 118 109 100 95 95 109 134 140 139 135 112 70 56 19 340 339 351 3 12 1 286 214 152 133 130 128 120 123
204 186 175 177 194 205 123 87 86 87 93 111 158 179 161 137 140 151 149 162 214 231 239 253 264 265 251 230 218 219 207 88 80 79 77 74 70 69 68 69 84 229 267 271 270 251 197 157 138 127 120 109 98 136 225 225 219 215 232 248 247 234 222 211 195 176 159 142 129 120 110 99 89 86 98 119 141 155 167 154 125 335 311 319 336 40 105 139 174 176 152 136 136 139 131 123
186 181 183 200 228 234 167 106 92 82 79 81 95 156 162 141 130 137 154 169 216 250 260 263 260 243 214 202 208 220 219 136 94 84 76 69 67 69 72 78 97 187 261 270 269 231 166 154 148 143 144 140 103 93 206 224 219 224 242 249 240 221 210 203 190 177 166 151 138 131 124 111 96 82 79 85 105 138 159 173 182 224 261 273 299 110 121 136 157 165 150 135 135 144 146 138
180 185 200 218 227 212 175 147 123 87 76 76 81 108 140 143 133 130 150 176 225 252 255 248 237 211 188 193 213 228 221 174 120 93 76 71 75 81 86 92 106 167 250 260 258 180 142 150 153 152 167 193 123 93 130 207 214 229 243 244 229 208 201 197 184 175 170 155 141 137 136 129 117 102 89 82 83 104 132 167 194 222 244 240 155 131 125 124 139 157 149 134 132 141 146 136
184 197 213 221 214 195 176 171 175 139 89 79 75 85 109 130 139 139 149 172 215 237 242 238 222 188 180 202 227 235 219 182 152 126 91 81 86 94 99 103 106 149 250 258 255 151 123 138 150 158 195 228 195 98 107 166 203 231 241 235 215 196 194 191 176 170 171 159 143 138 143 145 137 129 119 109 99 94 101 132 191 220 232 213 159 146 143 132 132 147 147 135 131 132 115 53
183 198 205 207 204 191 178 182 193 182 142 98 72 66 76 86 103 113 117 142 188 220 232 232 208 172 187 226 242 236 212 184 170 167 130 93 93 99 105 110 108 132 259 264 261 124 109 119 136 160 211 233 225 116 99 126 181 224 235 225 204 190 192 186 167 162 167 162 146 138 145 153 143 134 132 134 124 109 100 105 152 209 220 199 158 149 154 147 137 142 143 128 110 53 6 0
23 175 182 192 197 189 183 192 197 191 182 163 107 58 47 40 27 27 38 72 131 205 230 229 196 167 210 248 249 229 198 181 189 210 163 98 95 96 99 107 111 136 272 274 264 122 112 112 119 150 215 233 234 208 88 103 151 213 226 217 198 190 194 185 160 150 158 161 151 139 142 152 142 125 121 128 132 131 122 117 136 182 203 190 160 147 152 155 147 142 132 87 24 350 349 351
31 33 56 145 189 186 184 192 197 195 196 191 186 170 50 31 17 18 30 51 78 160 228 226 192 177 241 259 248 215 181 180 213 238 165 111 105 98 97 103 111 215 274 271 229 134 124 113 107 123 219 246 257 277 71 85 109 200 221 211 196 193 198 186 157 141 144 153 154 143 140 147 144 125 113 117 130 143 142 134 137 163 190 185 161 141 139 148 144 116 19 5 350 341 344 349
37 33 34 36 34 93 172 193 196 194 196 196 200 200 186 174 17 22 43 63 79 106 215 215 189 202 245 256 242 196 166 190 244 252 141 123 126 117 111 112 121 234 263 257 188 130 122 113 109 118 249 276 287 318 57 76 84 145 219 208 196 196 199 187 163 144 133 138 148 144 140 143 147 143 130 124 128 140 145 144 141 149 177 179 155 110 73 38 11 353 348 350 345 339 341 347
37 34 35 40 38 34 37 41 185 184 189 197 205 204 193 189 198 200 116 82 81 90 163 195 190 214 241 244 224 176 166 225 261 259 122 116 124 125 122 123 137 221 248 243 189 121 113 120 127 153 263 286 296 335 60 77 81 90 204 205 196 198 197 185 170 154 135 131 139 142 141 140 144 147 144 137 130 128 131 131 92 32 12 8 5 9 11 7 0 348 344 347 346 341 342 353
40 42 46 51 53 48 38 29 32 55 136 193 207 206 196 190 200 207 187 103 68 62 75 139 185 230 247 241 205 171 188 241 256 234 120 97 92 97 103 109 128 213 236 232 206 141 114 120 132 198 268 280 282 318 94 94 89 85 106 185 191 195 193 182 173 163 148 139 138 138 140 139 138 141 145 143 124 93 46 3 356 358 2 3 356 352 358 2 358 348 342 345 350 350 356 30
46 54 60 60 51 37 28 25 27 29 28 25 200 198 190 187 200 210 204 185 97 62 62 78 146 243 250 237 193 171 216 252 250 210 140 93 74 67 68 75 99 185 228 229 217 172 116 110 121 245 271 269 245 166 136 126 112 90 72 95 153 174 178 176 174 168 158 150 143 135 134 135 132 130 130 111 57 19 356 347 348 353 359 1 354 349 354 359 357 350 343 345 357 12 45 97
53 64 65 50 29 19 19 23 24 24 25 27 35 61 165 182 197 204 202 198 185 149 99 94 116 240 244 223 185 182 231 247 236 196 161 137 111 87 75 76 93 139 219 230 231 200 121 110 130 259 267 254 201 161 154 155 154 133 69 76 106 142 157 168 173 170 162 157 150 135 128 126 124 109 27 5 2 348 338 337 341 348 356 0 355 349 353 359 358 350 343 347 30 87 111 119
66 70 56 26 14 15 20 27 28 26 28 34 45 52 45 26 175 184 192 194 193 188 154 118 128 226 229 209 186 197 227 232 217 188 166 160 156 144 120 101 97 117 201 226 228 200 136 123 170 260 263 230 169 157 164 180 200 208 103 94 101 116 130 151 169 168 160 156 148 128 113 101 65 0 350 355 353 338 329 329 334 342 352 359 355 348 354 9 10 339 263 155 140 136 132 128
74 64 30 6 9 19 27 37 43 45 52 65 73 64 33 12 26 51 130 186 193 192 175 145 147 204 212 199 189 205 222 221 206 183 166 162 165 167 156 134 109 111 171 219 217 192 154 139 213 260 255 189 154 156 177 212 235 219 153 127 117 109 101 102 129 146 135 129 112 81 54 27 2 350 349 354 351 334 324 323 327 335 349 6 347 317 49 121 147 175 175 157 147 146 143 135
71 49 4 356 12 28 41 54 65 73 77 78 70 45 13 8 23 31 28 21 9 187 168 150 151 180 192 189 194 212 218 210 197 179 171 166 161 165 168 166 150 133 155 211 214 193 163 156 234 255 234 163 149 166 212 243 236 192 164 153 143 126 96 76 56 46 49 40 21 12 7 0 353 349 352 356 351 336 324 320 322 325 155 165 187 196 160 136 146 170 173 155 146 150 150 141
55 30 350 353 21 46 63 75 80 76 64 55 45 17 356 5 22 29 28 22 21 30 45 52 39 25 79 157 189 210 215 207 193 177 167 162 163 167 172 173 166 152 158 197 208 195 175 185 239 247 209 159 155 204 255 262 217 174 165 168 168 163 132 73 43 30 26 7 351 347 347 346 348 350 354 357 353 339 326 321 109 139 152 169 191 194 159 132 136 161 172 156 146 152 156 147
47 20 345 356 36 64 77 79 69 48 40 43 38 5 347 5 23 29 28 28 37 49 48 17 0 6 20 35 52 206 207 199 186 174 167 164 162 162 164 162 155 148 155 187 205 195 186 211 238 232 194 168 184 256 274 254 172 156 160 178 191 195 198 156 48 40 19 340 329 331 333 336 343 350 358 1 351 333 316 158 131 133 144 172 200 190 156 135 133 152 168 158 149 155 160 150
43 12 345 7 51 71 76 66 40 24 34 45 34 355 344 7 27 32 38 52 73 78 52 355 347 3 27 43 49 49 210 198 184 172 155 130 39 6 4 13 26 34 35 43 190 191 199 225 231 216 197 199 260 285 288 158 147 151 161 183 204 216 225 222 138 117 158 279 293 305 312 317 328 347 31 91 169 196 184 156 137 129 136 176 201 179 156 144 137 145 161 158 151 158 161 148
30 2 354 23 60 73 70 45 15 18 37 44 24 354 353 14 33 43 62 79 82 68 17 339 344 10 38 56 55 42 28 6 351 7 4 355 354 357 1 8 17 21 21 24 37 67 194 221 219 217 233 272 294 301 318 122 136 149 165 196 225 239 243 223 155 148 185 237 257 267 272 275 278 279 111 128 157 180 179 163 142 129 134 172 190 170 156 149 143 141 151 155 154 162 162 142
13 359 8 43 70 73 52 16 7 25 43 39 15 0 7 27 44 61 77 75 54 31 2 334 347 39 72 75 56 37 27 0 347 352 353 352 355 359 3 10 17 26 33 37 45 55 86 206 232 253 278 290 294 296 109 116 124 137 171 227 249 250 233 194 159 157 192 230 245 247 245 241 231 191 117 116 139 170 180 168 147 133 134 162 178 167 157 154 150 142 141 147 156 171 167 134
0 4 30 63 74 61 22 2 14 40 45 28 12 11 24 42 58 68 66 47 25 21 7 342 25 91 94 70 35 33 29 348 334 345 351 353 357 1 6 16 26 36 46 53 60 68 79 136 258 271 278 276 267 230 134 121 121 129 191 245 248 231 210 183 160 159 201 234 241 238 233 225 217 192 123 109 119 150 179 171 150 136 136 153 169 167 161 158 159 153 141 140 154 181 178 130
356 17 54 74 70 35 2 4 33 51 40 17 13 29 48 62 68 60 39 22 18 27 26 25 92 96 67 24 14 34 31 333 319 334 348 356 1 6 14 25 37 47 55 62 72 82 89 106 255 259 256 246 225 199 151 126 124 133 212 246 237 216 200 181 157 159 219 243 240 232 225 216 206 188 138 113 111 130 167 168 150 139 137 147 162 168 166 162 164 165 154 145 155 188 191 137
5 41 72 75 53 6 359 22 51 53 33 15 26 54 68 69 59 36 16 16 29 45 58 73 79 53 15 7 19 47 39 316 307 325 345 359 7 16 27 41 53 59 60 62 68 75 81 90 246 249 240 225 213 203 162 127 123 144 217 234 220 208 197 177 156 173 227 243 238 226 220 208 195 185 151 118 108 117 151 164 145 133 131 139 153 165 169 164 165 171 166 155 160 192 198 150
25 60 74 61 21 358 12 44 57 49 32 29 49 66 65 53 34 16 10 24 46 58 63 56 36 14 2 13 42 66 48 300 298 314 340 2 16 31 51 66 76 76 69 63 65 67 69 74 226 240 229 217 214 210 178 136 124 149 216 222 216 214 201 175 152 182 237 245 234 222 218 203 185 183 158 123 110 113 137 156 140 121 112 112 123 144 162 162 163 171 171 162 165 194 198 161
41 61 60 33 5 6 35 57 57 47 43 50 59 60 53 39 19 8 17 38 52 51 42 28 14 8 11 37 71 78 41 292 288 297 328 10 36 60 80 93 104 108 105 85 73 69 66 66 74 229 222 218 220 212 183 147 131 155 212 224 229 228 210 174 136 189 244 240 219 213 214 195 175 181 170 135 114 112 130 155 147 124 104 93 92 106 132 152 158 168 171 165 172 198 194 162
49 53 36 14 6 22 49 59 59 57 59 57 50 46 43 31 12 11 32 52 52 37 26 18 13 17 34 65 79 68 6 295 282 282 303 27 64 83 93 102 111 121 133 135 104 79 67 62 63 112 221 223 223 209 183 156 140 166 241 256 255 244 225 188 123 164 224 220 202 211 218 193 167 176 176 144 118 111 122 148 158 147 131 115 107 107 117 136 150 163 169 168 181 196 187 157
50 39 19 10 17 36 54 61 65 69 60 39 30 34 35 23 11 22 46 56 43 21 18 17 17 30 50 66 60 32 358 313 289 281 289 55 83 93 98 102 102 104 116 136 136 110 82 68 64 64 194 225 219 202 180 163 159 224 280 285 256 238 244 262 94 126 195 208 202 215 223 195 157 164 176 159 130 111 109 127 151 158 152 135 124 122 125 130 142 162 323 345 0 347 335 337
44 27 14 17 32 52 66 72 71 62 33 13 18 31 30 17 15 31 46 45 25 9 14 18 22 36 50 53 34 11 2 332 300 289 296 73 90 94 94 92 87 84 87 103 128 134 117 93 78 75 88 206 213 199 181 171 209 276 285 276 214 242 260 284 74 93 150 202 208 222 221 192 162 157 167 164 149 129 109 108 124 144 154 143 127 125 130 128 90 324 330 345 2 350 340 341
32 23 23 33 54 73 82 81 63 33 12 6 19 32 25 13 21 35 42 32 12 7 14 20 28 42 52 45 21 6 5 348 313 298 315 57 79 82 81 77 75 72 70 70 77 94 112 112 103 97 104 158 204 201 199 248 290 287 266 198 198 250 267 274 73 81 92 180 216 224 213 190 170 152 152 156 153 146 130 114 108 120 142 141 125 120 118 34 326 323 331 348 2 346 336 339
28 31 41 59 79 89 89 69 33 13 8 11 24 31 19 12 24 38 39 22 5 8 16 24 35 49 54 40 13 4 6 0 332 316 338 44 67 72 73 72 71 68 62 56 53 54 63 78 90 93 97 119 193 210 246 280 288 271 207 180 216 252 260 251 89 80 86 118 207 220 205 189 182 162 135 127 132 137 135 129 121 118 124 125 116 107 40 324 323 324 330 347 5 338 320 327
